0.625 [ 0.625       0.625       0.58333333  0.625       0.66666667]
0.625 [ 0.625       0.625       0.58333333  0.625       0.66666667]
Calc score: 0.666666666667
0.625 [ 0.625       0.625       0.58333333  0.625       0.66666667]
0.625 [ 0.625       0.625       0.58333333  0.625       0.66666667]
Calc score: 0.666666666667
0.625 [ 0.625       0.625       0.58333333  0.625       0.66666667]
0.625 [ 0.625       0.625       0.58333333  0.625       0.66666667]
Calc score: 0.666666666667
0.625 [ 0.625       0.625       0.58333333  0.625       0.66666667]
0.633333333333 [ 0.625       0.58333333  0.625       0.66666667  0.66666667]
Calc score: 0.666666666667
0.625 [ 0.625       0.625       0.58333333  0.625       0.66666667]
0.633333333333 [ 0.625       0.58333333  0.625       0.66666667  0.66666667]
Calc score: 0.666666666667
0.625 [ 0.625       0.625       0.58333333  0.625       0.66666667]
0.633333333333 [ 0.625       0.58333333  0.625       0.66666667  0.66666667]
Calc score: 0.666666666667
0.625 [ 0.625       0.625       0.58333333  0.625       0.66666667]
0.633333333333 [ 0.625       0.58333333  0.625       0.66666667  0.66666667]
Calc score: 0.666666666667
