0.623076923077 [ 0.61538462  0.61538462  0.61538462  0.65384615  0.61538462]
0.623076923077 [ 0.61538462  0.61538462  0.61538462  0.65384615  0.61538462]
Calc score: 0.615384615385
0.616666666667 [ 0.625       0.625       0.58333333  0.66666667  0.58333333]
0.625 [ 0.625  0.625  0.625  0.625  0.625]
Calc score: 0.625
0.616666666667 [ 0.625       0.625       0.58333333  0.66666667  0.58333333]
0.625 [ 0.625  0.625  0.625  0.625  0.625]
Calc score: 0.625
0.616666666667 [ 0.625       0.625       0.58333333  0.66666667  0.58333333]
0.625 [ 0.625  0.625  0.625  0.625  0.625]
Calc score: 0.625
